　第一章 林冲传
　　　1
　　　2
　　　3
　　　4
　　　5(缺)
　　　6
　　　7
　　　8
　　　9
　　　10
　　　11
　　　12
　　　13
　　　14
　　　15
　　　16
　　　17
　　　18
　　　19
　　　20
　　　21
　　　22
　　　23
　　　24
　　　25
　　　26
　　　27
　　　28
　　　29
　　　30
　　　31
　　　32
　　　33
　　　34
　　尾声
　第二章 杨志卖刀
　　　1
　　　2
　　　3
　　　4
　　　5
　　　6
　　　7
　　　8
　　　9
　　　10
　　　11
　　　12
　　　13
　　　14
　　　15
　　　16
　　　17
　　　18
　　　19
　　　20
　　　21
　　　22
　　　23
　　　24
　　　25
　　　26
　　　28
　　　29
　　　30
　　　31
　　　32
　　　33
　　　34
　　　35
　　　36
　　　37
　　　38
　　　39
　　　40
　　　41
　　　42
　　　43
　　　44
　　　45
　　　46
　　　47
　　　48
　　　49
　　　50
　　　51
　　尾声
　第三章 东京往事
　　　1(缺)
　　　2(缺)
　　　3
　　　4
　　　5
　　　6
　　　7
　　　8
　　　9
　　　10
　　　11
　　　12
　　　13
　　　14
　　　15
　　　16
　　　17
　　　18
　　　19
　　　20
　　　21
　　　22
　　　23
　　　24
　　　25
　　　26
　　　27
　　　28
　　　29
　　　30
　　　31
　　　26
　　　32
　　　33
　　　34
　　　35
　　　36
　　　37
　　　38
　　　39
　　　40
　　　41
　　　42
　　　43
　　　44
　　　45
　　　46
　　　47
　　　49
　　　50
　　　51
　　　52
　　　53
　　　54
　　　55
　　　56
　　　57
　　　60
　　　61
　　　62
　　　63
　　　64
　　　65
　　　66
　　　67
　　　68
　　　69
　　尾声
　第四章 生辰纲
　　一：晁盖
　　　1
　　　2
　　　3
　　　4
　　二：吴用
　　　1
　　　2
　　三：雷横朱仝
　　　1
　　　2
　　　3
　　　4
　　四：刘唐
　　　1
　　　2
　　　3
　　　4
　　　5
　　　6
　　　7
　　五：吴用之用
　　　1
　　　2
　　　3
　　　4
　　　5
　　六　阮氏三雄
　　　1
　　　2
　　　3
　　　4
　　　5
　　　6
　　七　公孙胜
　　　1
　　　2
　　　3
　　　4
　　　5
　　　6
　　　7
　　　8
　　　9
　　　10
　　　11
　　八　生辰纲
　　　1
　　　2
　　　3
　　　4
　　　5
　　　6
　　　7
　　　8
　　　9
　　尾声
　第五章 断金亭
　　　1
　　　2
　　　3
　　　4
　　　5
　　　6
　　　7
　　　8
　　　9
　　　10
　　　11
　　　12
　　　13
　　　14
　　　15
　　　16
　　　17
　　　18
　　　19
　　　20
　　　21
　　　22
　　　23
　　尾声
